accurate: 0.02829172
built: 0.02829172
cycle: 0.042437583
equiptment: 0.02829172
faq: 0.02829172
follow: 0.042437583
followup: 0.042437583
link: 0.02829172
machine: 0.02829172
optional: 0.02829172
post: 0.042437583
production: 0.02829172
re: 0.02829172
simulated: 0.02829172
time: 0.02829172
ups: 0.042437583
url: 0.02829172
user: 0.02829172
users: 0.02829172
workspace: 0.02829172
ws: 0.05658344
accurate: 0.02829172
built: 0.02829172
cycle: 0.042437583
equiptment: 0.02829172
faq: 0.02829172
follow: 0.042437583
followup: 0.042437583
link: 0.02829172
machine: 0.02829172
optional: 0.02829172
post: 0.042437583
production: 0.02829172
re: 0.02829172
simulated: 0.02829172
time: 0.02829172
ups: 0.042437583
url: 0.02829172
user: 0.02829172
users: 0.02829172
workspace: 0.02829172
ws: 0.05658344
