aaa: 0.03585244
class: 0.023901626
email: 0.023901626
features: 0.023901626
home: 0.03585244
industrial: 0.03585244
lightweight: 0.023901626
mail: 0.023901626
nachi: 0.023901626
nachis: 0.03585244
reveals: 0.023901626
robot: 0.07170488
robots: 0.07170488
sc: 0.095606506
secrets: 0.023901626
series: 0.08365569
store: 0.03585244
aaa: 0.03585244
class: 0.023901626
email: 0.023901626
features: 0.023901626
home: 0.03585244
industrial: 0.03585244
lightweight: 0.023901626
mail: 0.023901626
nachi: 0.023901626
nachis: 0.03585244
reveals: 0.023901626
robot: 0.07170488
robots: 0.07170488
sc: 0.095606506
secrets: 0.023901626
series: 0.08365569
store: 0.03585244
