battle: 0.13862944
creek: 0.13862944
mi: 0.092419624
neri: 0.092419624
philip: 0.092419624
st: 0.13862944
battle: 0.13862944
creek: 0.13862944
mi: 0.092419624
neri: 0.092419624
philip: 0.092419624
st: 0.13862944
