achieve: 0.022004673
agency: 0.022004673
awardwinning: 0.022004673
california: 0.022004673
campaigns: 0.022004673
communications: 0.033007007
contact: 0.022004673
help: 0.022004673
media: 0.110023364
message: 0.022004673
news: 0.033007007
people: 0.022004673
political: 0.022004673
press: 0.022004673
public: 0.022004673
relations: 0.033007007
reporters: 0.055011682
specialties: 0.033007007
steve: 0.022004673
television: 0.022004673
trained: 0.022004673
training: 0.044009347
way: 0.022004673
achieve: 0.022004673
agency: 0.022004673
awardwinning: 0.022004673
california: 0.022004673
campaigns: 0.022004673
communications: 0.033007007
contact: 0.022004673
help: 0.022004673
media: 0.110023364
message: 0.022004673
news: 0.033007007
people: 0.022004673
political: 0.022004673
press: 0.022004673
public: 0.022004673
relations: 0.033007007
reporters: 0.055011682
specialties: 0.033007007
steve: 0.022004673
television: 0.022004673
trained: 0.022004673
training: 0.044009347
way: 0.022004673
