aaa: 0.06301338
email: 0.04200892
home: 0.04200892
industrial: 0.06301338
mail: 0.04200892
price: 0.04200892
quote: 0.06301338
reveals: 0.04200892
robot: 0.105022304
secrets: 0.04200892
store: 0.06301338
system: 0.08401784
aaa: 0.06301338
email: 0.04200892
home: 0.04200892
industrial: 0.06301338
mail: 0.04200892
price: 0.04200892
quote: 0.06301338
reveals: 0.04200892
robot: 0.105022304
secrets: 0.04200892
store: 0.06301338
system: 0.08401784
