www: 0.6931472
www: 0.6931472
