grand: 0.20794415
james: 0.13862944
nw: 0.13862944
rapids: 0.20794415
grand: 0.20794415
james: 0.13862944
nw: 0.13862944
rapids: 0.20794415
