airsar: 0.022004673
asu: 0.033007007
blumberg: 0.033007007
boundary: 0.022004673
canyon: 0.022004673
color: 0.033007007
composite: 0.033007007
dan: 0.033007007
data: 0.033007007
death: 0.033007007
dune: 0.033007007
dust: 0.022004673
golden: 0.022004673
images: 0.022004673
imaging: 0.033007007
kbytes: 0.033007007
layer: 0.022004673
radar: 0.033007007
sand: 0.022004673
sar: 0.022004673
seen: 0.022004673
study: 0.022004673
types: 0.022004673
valley: 0.044009347
various: 0.022004673
airsar: 0.022004673
asu: 0.033007007
blumberg: 0.033007007
boundary: 0.022004673
canyon: 0.022004673
color: 0.033007007
composite: 0.033007007
dan: 0.033007007
data: 0.033007007
death: 0.033007007
dune: 0.033007007
dust: 0.022004673
golden: 0.022004673
images: 0.022004673
imaging: 0.033007007
kbytes: 0.033007007
layer: 0.022004673
radar: 0.033007007
sand: 0.022004673
sar: 0.022004673
seen: 0.022004673
study: 0.022004673
types: 0.022004673
valley: 0.044009347
various: 0.022004673
