approach: 0.014906391
breast: 0.014906391
cancer: 0.014906391
chief: 0.014906391
communications: 0.05217237
corporate: 0.014906391
crisis: 0.029812781
determine: 0.014906391
document: 0.022359587
donaldson: 0.029812781
experimental: 0.014906391
followup: 0.014906391
health: 0.029812781
insurance: 0.014906391
interview: 0.022359587
january: 0.014906391
maley: 0.029812781
nelson: 0.029812781
officer: 0.014906391
pacificare: 0.059625562
peggy: 0.029812781
president: 0.014906391
received: 0.014906391
sam: 0.029812781
situation: 0.014906391
studies: 0.022359587
systems: 0.022359587
team: 0.014906391
time: 0.014906391
told: 0.014906391
transplant: 0.014906391
vice: 0.014906391
approach: 0.014906391
breast: 0.014906391
cancer: 0.014906391
chief: 0.014906391
communications: 0.05217237
corporate: 0.014906391
crisis: 0.029812781
determine: 0.014906391
document: 0.022359587
donaldson: 0.029812781
experimental: 0.014906391
followup: 0.014906391
health: 0.029812781
insurance: 0.014906391
interview: 0.022359587
january: 0.014906391
maley: 0.029812781
nelson: 0.029812781
officer: 0.014906391
pacificare: 0.059625562
peggy: 0.029812781
president: 0.014906391
received: 0.014906391
sam: 0.029812781
situation: 0.014906391
studies: 0.022359587
systems: 0.022359587
team: 0.014906391
time: 0.014906391
told: 0.014906391
transplant: 0.014906391
vice: 0.014906391
