eastman: 0.06931472
health: 0.06931472
information: 0.06931472
kinesthetics: 0.06931472
learning: 0.06931472
reflexology: 0.13862944
shared: 0.06931472
touchpoint: 0.06931472
yvette: 0.06931472
eastman: 0.06931472
health: 0.06931472
information: 0.06931472
kinesthetics: 0.06931472
learning: 0.06931472
reflexology: 0.13862944
shared: 0.06931472
touchpoint: 0.06931472
yvette: 0.06931472
