address: 0.023496514
deceased: 0.10573432
diet: 0.04699303
efforts: 0.023496514
email: 0.023496514
family: 0.023496514
fax: 0.023496514
grandfather: 0.023496514
grandmother: 0.023496514
home: 0.023496514
indicate: 0.023496514
information: 0.058741286
loss: 0.03524477
mat: 0.023496514
pat: 0.023496514
please: 0.058741286
types: 0.023496514
website: 0.023496514
weight: 0.0822378
address: 0.023496514
deceased: 0.10573432
diet: 0.04699303
efforts: 0.023496514
email: 0.023496514
family: 0.023496514
fax: 0.023496514
grandfather: 0.023496514
grandmother: 0.023496514
home: 0.023496514
indicate: 0.023496514
information: 0.058741286
loss: 0.03524477
mat: 0.023496514
pat: 0.023496514
please: 0.058741286
types: 0.023496514
website: 0.023496514
weight: 0.0822378
