abb: 0.07701635
dispenser: 0.07701635
front: 0.07701635
glue: 0.07701635
irb: 0.07701635
manipulating: 0.07701635
pedastal: 0.07701635
robot: 0.07701635
simulations: 0.07701635
abb: 0.07701635
dispenser: 0.07701635
front: 0.07701635
glue: 0.07701635
irb: 0.07701635
manipulating: 0.07701635
pedastal: 0.07701635
robot: 0.07701635
simulations: 0.07701635
