aaa: 0.023104906
advantages: 0.011552453
allows: 0.023104906
avoid: 0.011552453
bank: 0.011552453
business: 0.01732868
cash: 0.01732868
companies: 0.023104906
costly: 0.011552453
credit: 0.011552453
debt: 0.01732868
equipment: 0.046209812
expense: 0.011552453
financial: 0.011552453
financing: 0.011552453
flexible: 0.011552453
helps: 0.011552453
home: 0.011552453
industrial: 0.023104906
keep: 0.01732868
lease: 0.06353849
leasing: 0.09819585
lines: 0.023104906
obsolete: 0.011552453
payments: 0.01732868
rental: 0.011552453
reveals: 0.011552453
robot: 0.028881133
robotic: 0.028881133
secrets: 0.011552453
sheet: 0.011552453
store: 0.023104906
system: 0.01732868
aaa: 0.023104906
advantages: 0.011552453
allows: 0.023104906
avoid: 0.011552453
bank: 0.011552453
business: 0.01732868
cash: 0.01732868
companies: 0.023104906
costly: 0.011552453
credit: 0.011552453
debt: 0.01732868
equipment: 0.046209812
expense: 0.011552453
financial: 0.011552453
financing: 0.011552453
flexible: 0.011552453
helps: 0.011552453
home: 0.011552453
industrial: 0.023104906
keep: 0.01732868
lease: 0.06353849
leasing: 0.09819585
lines: 0.023104906
obsolete: 0.011552453
payments: 0.01732868
rental: 0.011552453
reveals: 0.011552453
robot: 0.028881133
robotic: 0.028881133
secrets: 0.011552453
sheet: 0.011552453
store: 0.023104906
system: 0.01732868
