mi: 0.23104906
oak: 0.23104906
royal: 0.23104906
mi: 0.23104906
oak: 0.23104906
royal: 0.23104906
