data: 0.055451773
ellen: 0.055451773
mm: 0.055451773
obtain: 0.08317766
oleary: 0.055451773
radar: 0.055451773
sirc: 0.08317766
software: 0.19408122
tape: 0.055451773
data: 0.055451773
ellen: 0.055451773
mm: 0.055451773
obtain: 0.08317766
oleary: 0.055451773
radar: 0.055451773
sirc: 0.08317766
software: 0.19408122
tape: 0.055451773
