arizona: 0.04520525
az: 0.030136835
beach: 0.04520525
ca: 0.12808155
california: 0.03767104
campaigns: 0.015068417
clients: 0.015068417
container: 0.015068417
county: 0.03767104
deposits: 0.015068417
diego: 0.015068417
district: 0.015068417
finance: 0.015068417
initiative: 0.015068417
land: 0.04520525
maricopa: 0.015068417
newport: 0.030136835
oregon: 0.015068417
reform: 0.030136835
san: 0.030136835
scottsdale: 0.015068417
smoking: 0.015068417
tax: 0.015068417
transportation: 0.015068417
zoning: 0.022602625
