ancient: 0.008154673
art: 0.0054364484
beloved: 0.021745794
body: 0.0054364484
brahma: 0.008154673
bryan: 0.0054364484
call: 0.0054364484
called: 0.008154673
chakras: 0.010872897
changing: 0.0054364484
channel: 0.0054364484
channels: 0.0054364484
consciousness: 0.0054364484
cosmic: 0.008154673
counterpart: 0.010872897
create: 0.0054364484
created: 0.016309345
creative: 0.0054364484
death: 0.0054364484
embodiment: 0.0054364484
energies: 0.0054364484
energy: 0.03805514
existence: 0.0054364484
experience: 0.008154673
expression: 0.0054364484
female: 0.0054364484
focused: 0.0054364484
force: 0.010872897
forces: 0.010872897
head: 0.0054364484
healing: 0.0054364484
hinduism: 0.0054364484
human: 0.0054364484
illusion: 0.0054364484
illusions: 0.0054364484
inner: 0.016309345
june: 0.008154673
kali: 0.0054364484
kalpa: 0.0054364484
kaya: 0.0054364484
lakshmi: 0.0054364484
liberation: 0.0054364484
life: 0.0054364484
light: 0.0054364484
love: 0.013591121
maintains: 0.0054364484
mantra: 0.010872897
mantras: 0.0054364484
masters: 0.0054364484
miller: 0.0054364484
modern: 0.0054364484
movement: 0.0054364484
om: 0.0054364484
practices: 0.0054364484
practitioner: 0.0054364484
produce: 0.0054364484
producing: 0.008154673
redirected: 0.0054364484
sacred: 0.0054364484
saraswati: 0.0054364484
search: 0.016309345
seeker: 0.008154673
senses: 0.0054364484
series: 0.0054364484
sexual: 0.008154673
shared: 0.013591121
shiva: 0.008154673
sound: 0.010872897
stages: 0.008154673
structure: 0.0054364484
symbol: 0.0054364484
symbolized: 0.0054364484
system: 0.0054364484
tantra: 0.027182242
tantric: 0.01902757
teaches: 0.0054364484
transcendence: 0.0054364484
transcendental: 0.0054364484
transformation: 0.0054364484
triangle: 0.0054364484
true: 0.0054364484
universe: 0.0054364484
upwards: 0.0054364484
vishnu: 0.008154673
vision: 0.008154673
visions: 0.0054364484
wisdom: 0.0054364484
world: 0.0054364484
yantra: 0.008154673
yantras: 0.0054364484
ancient: 0.008154673
art: 0.0054364484
beloved: 0.021745794
body: 0.0054364484
brahma: 0.008154673
bryan: 0.0054364484
call: 0.0054364484
called: 0.008154673
chakras: 0.010872897
changing: 0.0054364484
channel: 0.0054364484
channels: 0.0054364484
consciousness: 0.0054364484
cosmic: 0.008154673
counterpart: 0.010872897
create: 0.0054364484
created: 0.016309345
creative: 0.0054364484
death: 0.0054364484
embodiment: 0.0054364484
energies: 0.0054364484
energy: 0.03805514
existence: 0.0054364484
experience: 0.008154673
expression: 0.0054364484
female: 0.0054364484
focused: 0.0054364484
force: 0.010872897
forces: 0.010872897
head: 0.0054364484
healing: 0.0054364484
hinduism: 0.0054364484
human: 0.0054364484
illusion: 0.0054364484
illusions: 0.0054364484
inner: 0.016309345
june: 0.008154673
kali: 0.0054364484
kalpa: 0.0054364484
kaya: 0.0054364484
lakshmi: 0.0054364484
liberation: 0.0054364484
life: 0.0054364484
light: 0.0054364484
love: 0.013591121
maintains: 0.0054364484
mantra: 0.010872897
mantras: 0.0054364484
masters: 0.0054364484
miller: 0.0054364484
modern: 0.0054364484
movement: 0.0054364484
om: 0.0054364484
practices: 0.0054364484
practitioner: 0.0054364484
produce: 0.0054364484
producing: 0.008154673
redirected: 0.0054364484
sacred: 0.0054364484
saraswati: 0.0054364484
search: 0.016309345
seeker: 0.008154673
senses: 0.0054364484
series: 0.0054364484
sexual: 0.008154673
shared: 0.013591121
shiva: 0.008154673
sound: 0.010872897
stages: 0.008154673
structure: 0.0054364484
symbol: 0.0054364484
symbolized: 0.0054364484
system: 0.0054364484
tantra: 0.027182242
tantric: 0.01902757
teaches: 0.0054364484
transcendence: 0.0054364484
transcendental: 0.0054364484
transformation: 0.0054364484
triangle: 0.0054364484
true: 0.0054364484
universe: 0.0054364484
upwards: 0.0054364484
vishnu: 0.008154673
vision: 0.008154673
visions: 0.0054364484
wisdom: 0.0054364484
world: 0.0054364484
yantra: 0.008154673
yantras: 0.0054364484
