appeal: 0.0055011683
april: 0.0055011683
authorities: 0.0055011683
bodies: 0.0055011683
body: 0.008251752
breakaway: 0.0055011683
call: 0.008251752
cameraman: 0.0055011683
capital: 0.0055011683
chaikova: 0.008251752
chechen: 0.013752921
chechnya: 0.027505841
city: 0.0055011683
colleagues: 0.008251752
committee: 0.0055011683
correspondent: 0.0055011683
court: 0.0055011683
covering: 0.0055011683
cpj: 0.011002337
crime: 0.0055011683
dagestan: 0.0055011683
dead: 0.013752921
editor: 0.008251752
excellency: 0.0055011683
fax: 0.0055011683
fear: 0.0055011683
feared: 0.0055011683
freelance: 0.0055011683
freely: 0.0055011683
gekhi: 0.0055011683
grozny: 0.016503504
head: 0.0055011683
heard: 0.011002337
held: 0.0055011683
illegal: 0.0055011683
index: 0.0055011683
investigation: 0.008251752
itartass: 0.0055011683
join: 0.0055011683
journalists: 0.030256424
july: 0.0055011683
june: 0.008251752
killed: 0.011002337
left: 0.0055011683
march: 0.016503504
military: 0.0055011683
missing: 0.0055011683
moscow: 0.0055011683
murdered: 0.0055011683
murders: 0.0055011683
nevskoye: 0.011002337
news: 0.008251752
newspaper: 0.008251752
nina: 0.0055011683
officials: 0.0055011683
outside: 0.008251752
outskirts: 0.0055011683
petersburg: 0.0055011683
photographs: 0.008251752
pimenov: 0.0055011683
press: 0.011002337
protect: 0.0055011683
provided: 0.0055011683
radio: 0.0055011683
region: 0.0055011683
reported: 0.0055011683
reporter: 0.0055011683
republic: 0.011002337
responsible: 0.0055011683
russia: 0.0055011683
russian: 0.019254088
seen: 0.0055011683
selam: 0.0055011683
send: 0.0055011683
sergei: 0.0055011683
shabalin: 0.0055011683
shot: 0.016503504
shumack: 0.008251752
soldier: 0.0055011683
st: 0.0055011683
station: 0.0055011683
stories: 0.0055011683
surrounding: 0.0055011683
thank: 0.0055011683
titov: 0.0055011683
told: 0.0055011683
traveled: 0.0055011683
turkish: 0.0055011683
vremya: 0.0055011683
vremyas: 0.0055011683
war: 0.008251752
website: 0.0055011683
weekly: 0.008251752
appeal: 0.0055011683
april: 0.0055011683
authorities: 0.0055011683
bodies: 0.0055011683
body: 0.008251752
breakaway: 0.0055011683
call: 0.008251752
cameraman: 0.0055011683
capital: 0.0055011683
chaikova: 0.008251752
chechen: 0.013752921
chechnya: 0.027505841
city: 0.0055011683
colleagues: 0.008251752
committee: 0.0055011683
correspondent: 0.0055011683
court: 0.0055011683
covering: 0.0055011683
cpj: 0.011002337
crime: 0.0055011683
dagestan: 0.0055011683
dead: 0.013752921
editor: 0.008251752
excellency: 0.0055011683
fax: 0.0055011683
fear: 0.0055011683
feared: 0.0055011683
freelance: 0.0055011683
freely: 0.0055011683
gekhi: 0.0055011683
grozny: 0.016503504
head: 0.0055011683
heard: 0.011002337
held: 0.0055011683
illegal: 0.0055011683
index: 0.0055011683
investigation: 0.008251752
itartass: 0.0055011683
join: 0.0055011683
journalists: 0.030256424
july: 0.0055011683
june: 0.008251752
killed: 0.011002337
left: 0.0055011683
march: 0.016503504
military: 0.0055011683
missing: 0.0055011683
moscow: 0.0055011683
murdered: 0.0055011683
murders: 0.0055011683
nevskoye: 0.011002337
news: 0.008251752
newspaper: 0.008251752
nina: 0.0055011683
officials: 0.0055011683
outside: 0.008251752
outskirts: 0.0055011683
petersburg: 0.0055011683
photographs: 0.008251752
pimenov: 0.0055011683
press: 0.011002337
protect: 0.0055011683
provided: 0.0055011683
radio: 0.0055011683
region: 0.0055011683
reported: 0.0055011683
reporter: 0.0055011683
republic: 0.011002337
responsible: 0.0055011683
russia: 0.0055011683
russian: 0.019254088
seen: 0.0055011683
selam: 0.0055011683
send: 0.0055011683
sergei: 0.0055011683
shabalin: 0.0055011683
shot: 0.016503504
shumack: 0.008251752
soldier: 0.0055011683
st: 0.0055011683
station: 0.0055011683
stories: 0.0055011683
surrounding: 0.0055011683
thank: 0.0055011683
titov: 0.0055011683
told: 0.0055011683
traveled: 0.0055011683
turkish: 0.0055011683
vremya: 0.0055011683
vremyas: 0.0055011683
war: 0.008251752
website: 0.0055011683
weekly: 0.008251752
