authority: 0.049510513
bay: 0.012377628
compacted: 0.012377628
county: 0.024755256
day: 0.012377628
facility: 0.049510513
farm: 0.018566443
frey: 0.018566443
haulers: 0.012377628
hazardous: 0.012377628
household: 0.012377628
includes: 0.012377628
jack: 0.012377628
lancaster: 0.03094407
landfill: 0.018566443
lausch: 0.012377628
located: 0.012377628
maintenance: 0.012377628
materials: 0.018566443
recovery: 0.024755256
recycling: 0.024755256
refuse: 0.012377628
resource: 0.024755256
sr: 0.012377628
station: 0.049510513
tires: 0.012377628
trailers: 0.018566443
transfer: 0.07426577
trash: 0.012377628
waste: 0.049510513
white: 0.012377628
authority: 0.049510513
bay: 0.012377628
compacted: 0.012377628
county: 0.024755256
day: 0.012377628
facility: 0.049510513
farm: 0.018566443
frey: 0.018566443
haulers: 0.012377628
hazardous: 0.012377628
household: 0.012377628
includes: 0.012377628
jack: 0.012377628
lancaster: 0.03094407
landfill: 0.018566443
lausch: 0.012377628
located: 0.012377628
maintenance: 0.012377628
materials: 0.018566443
recovery: 0.024755256
recycling: 0.024755256
refuse: 0.012377628
resource: 0.024755256
sr: 0.012377628
station: 0.049510513
tires: 0.012377628
trailers: 0.018566443
transfer: 0.07426577
trash: 0.012377628
waste: 0.049510513
white: 0.012377628
