divine: 0.0433217
fr: 0.0433217
franciscan: 0.028881133
fraternity: 0.028881133
hickey: 0.028881133
information: 0.028881133
marie: 0.028881133
mercy: 0.057762265
minister: 0.0433217
national: 0.0433217
ofm: 0.0433217
region: 0.0433217
regional: 0.028881133
secular: 0.028881133
sfo: 0.1732868
divine: 0.0433217
fr: 0.0433217
franciscan: 0.028881133
fraternity: 0.028881133
hickey: 0.028881133
information: 0.028881133
marie: 0.028881133
mercy: 0.057762265
minister: 0.0433217
national: 0.0433217
ofm: 0.0433217
region: 0.0433217
regional: 0.028881133
secular: 0.028881133
sfo: 0.1732868
