airsar: 0.10663803
cm: 0.21327606
death: 0.10663803
images: 0.15995704
valley: 0.10663803
airsar: 0.10663803
cm: 0.21327606
death: 0.10663803
images: 0.15995704
valley: 0.10663803
