advisory: 0.019617373
air: 0.03269562
aircraft: 0.013078249
airline: 0.013078249
airlines: 0.03269562
board: 0.026156498
caljet: 0.019617373
canada: 0.026156498
chairman: 0.026156498
chief: 0.039234746
continental: 0.026156498
council: 0.013078249
delta: 0.026156498
engineering: 0.013078249
executive: 0.039234746
gazette: 0.013078249
georgia: 0.019617373
harris: 0.06539124
hollis: 0.013078249
institute: 0.019617373
joined: 0.013078249
marketing: 0.013078249
national: 0.019617373
officer: 0.039234746
operations: 0.019617373
president: 0.039234746
prior: 0.013078249
served: 0.013078249
service: 0.013078249
technology: 0.013078249
advisory: 0.019617373
air: 0.03269562
aircraft: 0.013078249
airline: 0.013078249
airlines: 0.03269562
board: 0.026156498
caljet: 0.019617373
canada: 0.026156498
chairman: 0.026156498
chief: 0.039234746
continental: 0.026156498
council: 0.013078249
delta: 0.026156498
engineering: 0.013078249
executive: 0.039234746
gazette: 0.013078249
georgia: 0.019617373
harris: 0.06539124
hollis: 0.013078249
institute: 0.019617373
joined: 0.013078249
marketing: 0.013078249
national: 0.019617373
officer: 0.039234746
operations: 0.019617373
president: 0.039234746
prior: 0.013078249
served: 0.013078249
service: 0.013078249
technology: 0.013078249
