close: 0.026156498
communist: 0.026156498
coverage: 0.026156498
cpj: 0.026156498
feb: 0.052312996
felix: 0.026156498
freelancer: 0.039234746
journalists: 0.052312996
june: 0.039234746
march: 0.039234746
nevskoye: 0.039234746
opposition: 0.026156498
press: 0.039234746
russian: 0.039234746
seen: 0.052312996
television: 0.052312996
viktor: 0.026156498
vremya: 0.039234746
yeltsin: 0.026156498
close: 0.026156498
communist: 0.026156498
coverage: 0.026156498
cpj: 0.026156498
feb: 0.052312996
felix: 0.026156498
freelancer: 0.039234746
journalists: 0.052312996
june: 0.039234746
march: 0.039234746
nevskoye: 0.039234746
opposition: 0.026156498
press: 0.039234746
russian: 0.039234746
seen: 0.052312996
television: 0.052312996
viktor: 0.026156498
vremya: 0.039234746
yeltsin: 0.026156498
