accept: 0.005752259
appropriate: 0.005752259
authority: 0.05464646
authoritys: 0.008628388
companies: 0.005752259
compliance: 0.020132905
computer: 0.008628388
containers: 0.008628388
county: 0.023009036
created: 0.005752259
deliver: 0.005752259
delivered: 0.008628388
delivery: 0.005752259
efficient: 0.005752259
ensure: 0.005752259
facilities: 0.031637423
facility: 0.011504518
farm: 0.005752259
frey: 0.005752259
generated: 0.005752259
haul: 0.008628388
hauler: 0.014380647
haulers: 0.017256776
homes: 0.005752259
information: 0.008628388
insurance: 0.005752259
lancaster: 0.020132905
landfill: 0.008628388
license: 0.005752259
licenses: 0.011504518
licensing: 0.014380647
loads: 0.008628388
management: 0.008628388
manifest: 0.005752259
manifests: 0.005752259
materials: 0.017256776
municipal: 0.005752259
obtain: 0.005752259
officers: 0.011504518
operating: 0.008628388
operation: 0.008628388
pennsylvania: 0.005752259
program: 0.005752259
records: 0.005752259
recovery: 0.005752259
recyclable: 0.005752259
regulations: 0.020132905
reporting: 0.005752259
resource: 0.005752259
rules: 0.011504518
solid: 0.023009036
station: 0.005752259
system: 0.008628388
transfer: 0.005752259
types: 0.005752259
unacceptable: 0.011504518
vehicles: 0.014380647
waste: 0.08916001
wastes: 0.011504518
accept: 0.005752259
appropriate: 0.005752259
authority: 0.05464646
authoritys: 0.008628388
companies: 0.005752259
compliance: 0.020132905
computer: 0.008628388
containers: 0.008628388
county: 0.023009036
created: 0.005752259
deliver: 0.005752259
delivered: 0.008628388
delivery: 0.005752259
efficient: 0.005752259
ensure: 0.005752259
facilities: 0.031637423
facility: 0.011504518
farm: 0.005752259
frey: 0.005752259
generated: 0.005752259
haul: 0.008628388
hauler: 0.014380647
haulers: 0.017256776
homes: 0.005752259
information: 0.008628388
insurance: 0.005752259
lancaster: 0.020132905
landfill: 0.008628388
license: 0.005752259
licenses: 0.011504518
licensing: 0.014380647
loads: 0.008628388
management: 0.008628388
manifest: 0.005752259
manifests: 0.005752259
materials: 0.017256776
municipal: 0.005752259
obtain: 0.005752259
officers: 0.011504518
operating: 0.008628388
operation: 0.008628388
pennsylvania: 0.005752259
program: 0.005752259
records: 0.005752259
recovery: 0.005752259
recyclable: 0.005752259
regulations: 0.020132905
reporting: 0.005752259
resource: 0.005752259
rules: 0.011504518
solid: 0.023009036
station: 0.005752259
system: 0.008628388
transfer: 0.005752259
types: 0.005752259
unacceptable: 0.011504518
vehicles: 0.014380647
waste: 0.08916001
wastes: 0.011504518
