audits: 0.053319015
design: 0.07997852
engineering: 0.07997852
entech: 0.053319015
facility: 0.053319015
office: 0.053319015
pa: 0.07997852
reading: 0.053319015
studies: 0.053319015
system: 0.053319015
usa: 0.07997852
audits: 0.053319015
design: 0.07997852
engineering: 0.07997852
entech: 0.053319015
facility: 0.053319015
office: 0.053319015
pa: 0.07997852
reading: 0.053319015
studies: 0.053319015
system: 0.053319015
usa: 0.07997852
