active: 0.016119702
advisor: 0.0064478805
amendments: 0.0064478805
approved: 0.0064478805
article: 0.025791522
board: 0.041911226
club: 0.051583044
committees: 0.0064478805
constitution: 0.019343643
determined: 0.0064478805
dues: 0.022567583
election: 0.009671821
executive: 0.041911226
fall: 0.0064478805
following: 0.012895761
functional: 0.012895761
ii: 0.016119702
iii: 0.012895761
iv: 0.012895761
majority: 0.0064478805
meeting: 0.029015463
membership: 0.025791522
nonfunctional: 0.0064478805
office: 0.0064478805
officers: 0.022567583
offices: 0.016119702
outlined: 0.0064478805
paid: 0.009671821
presidential: 0.022567583
prior: 0.0064478805
program: 0.009671821
ps: 0.035463344
public: 0.0064478805
purpose: 0.009671821
scholars: 0.022567583
section: 0.051583044
semester: 0.009671821
service: 0.0064478805
shall: 0.041911226
voting: 0.0064478805
active: 0.016119702
advisor: 0.0064478805
amendments: 0.0064478805
approved: 0.0064478805
article: 0.025791522
board: 0.041911226
club: 0.051583044
committees: 0.0064478805
constitution: 0.019343643
determined: 0.0064478805
dues: 0.022567583
election: 0.009671821
executive: 0.041911226
fall: 0.0064478805
following: 0.012895761
functional: 0.012895761
ii: 0.016119702
iii: 0.012895761
iv: 0.012895761
majority: 0.0064478805
meeting: 0.029015463
membership: 0.025791522
nonfunctional: 0.0064478805
office: 0.0064478805
officers: 0.022567583
offices: 0.016119702
outlined: 0.0064478805
paid: 0.009671821
presidential: 0.022567583
prior: 0.0064478805
program: 0.009671821
ps: 0.035463344
public: 0.0064478805
purpose: 0.009671821
scholars: 0.022567583
section: 0.051583044
semester: 0.009671821
service: 0.0064478805
shall: 0.041911226
voting: 0.0064478805
