attempts: 0.008718832
avoiding: 0.008718832
bad: 0.008718832
bigger: 0.008718832
break: 0.008718832
call: 0.008718832
calmly: 0.008718832
chaos: 0.08282891
chaotic: 0.017437665
coffee: 0.008718832
cool: 0.008718832
elements: 0.008718832
energy: 0.008718832
evolution: 0.017437665
evolve: 0.013078249
favour: 0.013078249
fears: 0.008718832
flourish: 0.008718832
form: 0.008718832
freedom: 0.013078249
imposed: 0.008718832
july: 0.013078249
lack: 0.013078249
lead: 0.008718832
library: 0.008718832
lives: 0.013078249
mechanism: 0.017437665
merely: 0.008718832
mind: 0.013078249
movement: 0.021797081
online: 0.008718832
orderly: 0.008718832
perspective: 0.008718832
picture: 0.008718832
recognize: 0.008718832
rules: 0.008718832
selforganization: 0.030515913
selforganizing: 0.013078249
shahriar: 0.008718832
shahriari: 0.008718832
shared: 0.013078249
simply: 0.008718832
spontaneous: 0.013078249
spontaneously: 0.008718832
succeed: 0.008718832
system: 0.039234746
telephone: 0.008718832
traffic: 0.026156498
trust: 0.008718832
universe: 0.017437665
visions: 0.013078249
way: 0.008718832
attempts: 0.008718832
avoiding: 0.008718832
bad: 0.008718832
bigger: 0.008718832
break: 0.008718832
call: 0.008718832
calmly: 0.008718832
chaos: 0.08282891
chaotic: 0.017437665
coffee: 0.008718832
cool: 0.008718832
elements: 0.008718832
energy: 0.008718832
evolution: 0.017437665
evolve: 0.013078249
favour: 0.013078249
fears: 0.008718832
flourish: 0.008718832
form: 0.008718832
freedom: 0.013078249
imposed: 0.008718832
july: 0.013078249
lack: 0.013078249
lead: 0.008718832
library: 0.008718832
lives: 0.013078249
mechanism: 0.017437665
merely: 0.008718832
mind: 0.013078249
movement: 0.021797081
online: 0.008718832
orderly: 0.008718832
perspective: 0.008718832
picture: 0.008718832
recognize: 0.008718832
rules: 0.008718832
selforganization: 0.030515913
selforganizing: 0.013078249
shahriar: 0.008718832
shahriari: 0.008718832
shared: 0.013078249
simply: 0.008718832
spontaneous: 0.013078249
spontaneously: 0.008718832
succeed: 0.008718832
system: 0.039234746
telephone: 0.008718832
traffic: 0.026156498
trust: 0.008718832
universe: 0.017437665
visions: 0.013078249
way: 0.008718832
