accompanied: 0.00734785
application: 0.00734785
calendar: 0.0048985668
collect: 0.0097971335
collected: 0.0097971335
collection: 0.0048985668
container: 0.024492834
copy: 0.0048985668
county: 0.00734785
day: 0.0048985668
delivered: 0.0097971335
documentation: 0.0048985668
excepting: 0.0048985668
facility: 0.0146957
following: 0.0048985668
generated: 0.0097971335
generator: 0.0048985668
hauling: 0.0048985668
house: 0.0048985668
insurance: 0.00734785
issued: 0.012246417
lancaster: 0.0097971335
law: 0.0048985668
lcswma: 0.063681364
liability: 0.00734785
license: 0.026942117
licensed: 0.012246417
licenses: 0.0048985668
load: 0.012246417
location: 0.0048985668
manifest: 0.0146957
materials: 0.02204355
month: 0.0097971335
monthly: 0.0048985668
municipal: 0.00734785
occurrence: 0.0048985668
operator: 0.0048985668
person: 0.031840682
persons: 0.0048985668
preceding: 0.0048985668
primary: 0.0048985668
recyclable: 0.019594267
regulated: 0.00734785
regulations: 0.012246417
report: 0.0048985668
required: 0.0048985668
residence: 0.0048985668
return: 0.0048985668
rules: 0.0146957
scale: 0.0048985668
separated: 0.019594267
shall: 0.0293914
sludge: 0.0146957
source: 0.019594267
submit: 0.0097971335
th: 0.0048985668
transport: 0.0097971335
transportation: 0.0048985668
transported: 0.012246417
transporting: 0.0048985668
vehicle: 0.03673925
waste: 0.017144984
accompanied: 0.00734785
application: 0.00734785
calendar: 0.0048985668
collect: 0.0097971335
collected: 0.0097971335
collection: 0.0048985668
container: 0.024492834
copy: 0.0048985668
county: 0.00734785
day: 0.0048985668
delivered: 0.0097971335
documentation: 0.0048985668
excepting: 0.0048985668
facility: 0.0146957
following: 0.0048985668
generated: 0.0097971335
generator: 0.0048985668
hauling: 0.0048985668
house: 0.0048985668
insurance: 0.00734785
issued: 0.012246417
lancaster: 0.0097971335
law: 0.0048985668
lcswma: 0.063681364
liability: 0.00734785
license: 0.026942117
licensed: 0.012246417
licenses: 0.0048985668
load: 0.012246417
location: 0.0048985668
manifest: 0.0146957
materials: 0.02204355
month: 0.0097971335
monthly: 0.0048985668
municipal: 0.00734785
occurrence: 0.0048985668
operator: 0.0048985668
person: 0.031840682
persons: 0.0048985668
preceding: 0.0048985668
primary: 0.0048985668
recyclable: 0.019594267
regulated: 0.00734785
regulations: 0.012246417
report: 0.0048985668
required: 0.0048985668
residence: 0.0048985668
return: 0.0048985668
rules: 0.0146957
scale: 0.0048985668
separated: 0.019594267
shall: 0.0293914
sludge: 0.0146957
source: 0.019594267
submit: 0.0097971335
th: 0.0048985668
transport: 0.0097971335
transportation: 0.0048985668
transported: 0.012246417
transporting: 0.0048985668
vehicle: 0.03673925
waste: 0.017144984
