board: 0.055451773
box: 0.055451773
bulletin: 0.055451773
enter: 0.08317766
imaging: 0.055451773
page: 0.08317766
radar: 0.055451773
response: 0.110903546
responses: 0.055451773
submit: 0.08317766
board: 0.055451773
box: 0.055451773
bulletin: 0.055451773
enter: 0.08317766
imaging: 0.055451773
page: 0.08317766
radar: 0.055451773
response: 0.110903546
responses: 0.055451773
submit: 0.08317766
