cards: 0.037467416
cups: 0.037467416
edge: 0.056201123
hand: 0.037467416
images: 0.037467416
left: 0.037467416
march: 0.037467416
mug: 0.037467416
mugs: 0.14986967
mystic: 0.037467416
onte: 0.037467416
page: 0.037467416
rain: 0.037467416
shipping: 0.037467416
walrus: 0.037467416
cards: 0.037467416
cups: 0.037467416
edge: 0.056201123
hand: 0.037467416
images: 0.037467416
left: 0.037467416
march: 0.037467416
mug: 0.037467416
mugs: 0.14986967
mystic: 0.037467416
onte: 0.037467416
page: 0.037467416
rain: 0.037467416
shipping: 0.037467416
walrus: 0.037467416
