accessories: 0.028881133
cigar: 0.101083964
cigars: 0.07220283
club: 0.057762265
enjoy: 0.028881133
enjoying: 0.028881133
exciting: 0.028881133
gk: 0.028881133
information: 0.028881133
month: 0.11552453
pleasures: 0.028881133
premium: 0.028881133
receive: 0.028881133
smoking: 0.057762265
special: 0.028881133
accessories: 0.028881133
cigar: 0.101083964
cigars: 0.07220283
club: 0.057762265
enjoy: 0.028881133
enjoying: 0.028881133
exciting: 0.028881133
gk: 0.028881133
information: 0.028881133
month: 0.11552453
pleasures: 0.028881133
premium: 0.028881133
receive: 0.028881133
smoking: 0.057762265
special: 0.028881133
