army: 0.027182242
assassinated: 0.013591121
attacks: 0.013591121
chechen: 0.027182242
chechnya: 0.013591121
control: 0.013591121
correspondent: 0.013591121
corruption: 0.020386681
cpj: 0.020386681
crisis: 0.013591121
dangerous: 0.013591121
failure: 0.013591121
federal: 0.013591121
following: 0.013591121
free: 0.020386681
fsb: 0.013591121
impunity: 0.013591121
journalists: 0.07475117
killed: 0.020386681
media: 0.013591121
military: 0.027182242
ministries: 0.020386681
officials: 0.013591121
power: 0.013591121
press: 0.013591121
received: 0.013591121
reporter: 0.013591121
reporters: 0.020386681
russia: 0.020386681
russian: 0.033977803
security: 0.027182242
society: 0.013591121
soldier: 0.013591121
topics: 0.013591121
violent: 0.013591121
yeltsin: 0.033977803
army: 0.027182242
assassinated: 0.013591121
attacks: 0.013591121
chechen: 0.027182242
chechnya: 0.013591121
control: 0.013591121
correspondent: 0.013591121
corruption: 0.020386681
cpj: 0.020386681
crisis: 0.013591121
dangerous: 0.013591121
failure: 0.013591121
federal: 0.013591121
following: 0.013591121
free: 0.020386681
fsb: 0.013591121
impunity: 0.013591121
journalists: 0.07475117
killed: 0.020386681
media: 0.013591121
military: 0.027182242
ministries: 0.020386681
officials: 0.013591121
power: 0.013591121
press: 0.013591121
received: 0.013591121
reporter: 0.013591121
reporters: 0.020386681
russia: 0.020386681
russian: 0.033977803
security: 0.027182242
society: 0.013591121
soldier: 0.013591121
topics: 0.013591121
violent: 0.013591121
yeltsin: 0.033977803
