authority: 0.044009347
available: 0.022004673
county: 0.033007007
environmental: 0.033007007
epa: 0.022004673
information: 0.022004673
lancaster: 0.055011682
landfill: 0.022004673
lcswma: 0.033007007
management: 0.044009347
page: 0.022004673
pennsylvania: 0.033007007
pringle: 0.022004673
protection: 0.022004673
service: 0.033007007
site: 0.022004673
solid: 0.055011682
waste: 0.110023364
web: 0.044009347
authority: 0.044009347
available: 0.022004673
county: 0.033007007
environmental: 0.033007007
epa: 0.022004673
information: 0.022004673
lancaster: 0.055011682
landfill: 0.022004673
lcswma: 0.033007007
management: 0.044009347
page: 0.022004673
pennsylvania: 0.033007007
pringle: 0.022004673
protection: 0.022004673
service: 0.033007007
site: 0.022004673
solid: 0.055011682
waste: 0.110023364
web: 0.044009347
