air: 0.01670234
albright: 0.01670234
audit: 0.01670234
college: 0.025053512
completed: 0.01670234
conditioning: 0.01670234
conducted: 0.01670234
conservation: 0.01670234
construction: 0.025053512
contact: 0.01670234
cooling: 0.01670234
costs: 0.025053512
ecos: 0.025053512
energy: 0.07516054
entech: 0.03340468
estimated: 0.01670234
evaluated: 0.01670234
feasibility: 0.03340468
fluorescent: 0.01670234
grant: 0.01670234
hall: 0.03340468
heat: 0.01670234
lighting: 0.025053512
mohn: 0.025053512
pumps: 0.01670234
rooftop: 0.01670234
study: 0.03340468
systems: 0.03340468
units: 0.01670234
water: 0.01670234
air: 0.01670234
albright: 0.01670234
audit: 0.01670234
college: 0.025053512
completed: 0.01670234
conditioning: 0.01670234
conducted: 0.01670234
conservation: 0.01670234
construction: 0.025053512
contact: 0.01670234
cooling: 0.01670234
costs: 0.025053512
ecos: 0.025053512
energy: 0.07516054
entech: 0.03340468
estimated: 0.01670234
evaluated: 0.01670234
feasibility: 0.03340468
fluorescent: 0.01670234
grant: 0.01670234
hall: 0.03340468
heat: 0.01670234
lighting: 0.025053512
mohn: 0.025053512
pumps: 0.01670234
rooftop: 0.01670234
study: 0.03340468
systems: 0.03340468
units: 0.01670234
water: 0.01670234
