images: 0.1732868
radar: 0.2599302
sirb: 0.2599302
images: 0.1732868
radar: 0.2599302
sirb: 0.2599302
