cards: 0.06498255
cold: 0.06498255
edge: 0.0433217
john: 0.0433217
letter: 0.0433217
line: 0.0433217
list: 0.0433217
march: 0.0433217
message: 0.0433217
page: 0.0433217
please: 0.0433217
set: 0.0433217
subject: 0.0433217
tefka: 0.0433217
ww: 0.0433217
cards: 0.06498255
cold: 0.06498255
edge: 0.0433217
john: 0.0433217
letter: 0.0433217
line: 0.0433217
list: 0.0433217
march: 0.0433217
message: 0.0433217
page: 0.0433217
please: 0.0433217
set: 0.0433217
subject: 0.0433217
tefka: 0.0433217
ww: 0.0433217
