aesop: 0.038242605
applications: 0.009560651
available: 0.009560651
ca: 0.014340976
camera: 0.009560651
chan: 0.009560651
cleared: 0.009560651
clinical: 0.014340976
commands: 0.009560651
company: 0.009560651
companys: 0.014340976
computer: 0.043022927
contact: 0.009560651
control: 0.023901626
core: 0.009560651
development: 0.009560651
devices: 0.009560651
doesnt: 0.009560651
dr: 0.009560651
endoscopic: 0.014340976
ext: 0.009560651
fda: 0.009560651
generation: 0.009560651
immediate: 0.009560651
information: 0.009560651
interface: 0.019121302
leading: 0.014340976
medical: 0.023901626
michael: 0.009560651
motion: 0.03346228
october: 0.009560651
operating: 0.009560651
product: 0.009560651
ramon: 0.009560651
release: 0.014340976
robot: 0.009560651
robotics: 0.014340976
robots: 0.009560651
san: 0.014340976
successfully: 0.009560651
surgeon: 0.014340976
surgeons: 0.023901626
surgery: 0.009560651
surgical: 0.023901626
team: 0.009560651
video: 0.009560651
voice: 0.028681953
wang: 0.009560651
world: 0.009560651
worlds: 0.009560651
aesop: 0.038242605
applications: 0.009560651
available: 0.009560651
ca: 0.014340976
camera: 0.009560651
chan: 0.009560651
cleared: 0.009560651
clinical: 0.014340976
commands: 0.009560651
company: 0.009560651
companys: 0.014340976
computer: 0.043022927
contact: 0.009560651
control: 0.023901626
core: 0.009560651
development: 0.009560651
devices: 0.009560651
doesnt: 0.009560651
dr: 0.009560651
endoscopic: 0.014340976
ext: 0.009560651
fda: 0.009560651
generation: 0.009560651
immediate: 0.009560651
information: 0.009560651
interface: 0.019121302
leading: 0.014340976
medical: 0.023901626
michael: 0.009560651
motion: 0.03346228
october: 0.009560651
operating: 0.009560651
product: 0.009560651
ramon: 0.009560651
release: 0.014340976
robot: 0.009560651
robotics: 0.014340976
robots: 0.009560651
san: 0.014340976
successfully: 0.009560651
surgeon: 0.014340976
surgeons: 0.023901626
surgery: 0.009560651
surgical: 0.023901626
team: 0.009560651
video: 0.009560651
voice: 0.028681953
wang: 0.009560651
world: 0.009560651
worlds: 0.009560651
