aaron: 0.015682062
astronaut: 0.006272825
building: 0.01254565
class: 0.006272825
commander: 0.009409238
computer: 0.006272825
control: 0.01254565
crew: 0.006272825
difference: 0.006272825
divergence: 0.006272825
dont: 0.006272825
endeavor: 0.006272825
endeavour: 0.006272825
enjoyed: 0.006272825
equipment: 0.009409238
experience: 0.009409238
folks: 0.006272825
fun: 0.006272825
godwin: 0.006272825
goes: 0.006272825
half: 0.01254565
happened: 0.006272825
happens: 0.006272825
heres: 0.006272825
home: 0.006272825
im: 0.009409238
incredible: 0.015682062
information: 0.015682062
job: 0.006272825
jon: 0.006272825
jsc: 0.01254565
kind: 0.006272825
knew: 0.006272825
know: 0.006272825
laser: 0.006272825
learning: 0.006272825
linda: 0.006272825
lot: 0.006272825
mission: 0.053319015
payload: 0.006272825
people: 0.009409238
personal: 0.006272825
photos: 0.01254565
pictures: 0.006272825
probably: 0.006272825
radar: 0.009409238
reading: 0.006272825
report: 0.01254565
science: 0.009409238
seen: 0.006272825
set: 0.006272825
shuttle: 0.028227713
space: 0.009409238
specialist: 0.009409238
sts: 0.009409238
stuff: 0.009409238
talked: 0.006272825
talking: 0.006272825
tell: 0.006272825
thank: 0.0250913
thats: 0.009409238
thousands: 0.006272825
told: 0.01254565
tomorrow: 0.006272825
training: 0.009409238
vr: 0.006272825
week: 0.009409238
weve: 0.021954888
world: 0.015682062
write: 0.006272825
writing: 0.006272825
yesterday: 0.006272825
youre: 0.006272825
youve: 0.006272825
aaron: 0.015682062
astronaut: 0.006272825
building: 0.01254565
class: 0.006272825
commander: 0.009409238
computer: 0.006272825
control: 0.01254565
crew: 0.006272825
difference: 0.006272825
divergence: 0.006272825
dont: 0.006272825
endeavor: 0.006272825
endeavour: 0.006272825
enjoyed: 0.006272825
equipment: 0.009409238
experience: 0.009409238
folks: 0.006272825
fun: 0.006272825
godwin: 0.006272825
goes: 0.006272825
half: 0.01254565
happened: 0.006272825
happens: 0.006272825
heres: 0.006272825
home: 0.006272825
im: 0.009409238
incredible: 0.015682062
information: 0.015682062
job: 0.006272825
jon: 0.006272825
jsc: 0.01254565
kind: 0.006272825
knew: 0.006272825
know: 0.006272825
laser: 0.006272825
learning: 0.006272825
linda: 0.006272825
lot: 0.006272825
mission: 0.053319015
payload: 0.006272825
people: 0.009409238
personal: 0.006272825
photos: 0.01254565
pictures: 0.006272825
probably: 0.006272825
radar: 0.009409238
reading: 0.006272825
report: 0.01254565
science: 0.009409238
seen: 0.006272825
set: 0.006272825
shuttle: 0.028227713
space: 0.009409238
specialist: 0.009409238
sts: 0.009409238
stuff: 0.009409238
talked: 0.006272825
talking: 0.006272825
tell: 0.006272825
thank: 0.0250913
thats: 0.009409238
thousands: 0.006272825
told: 0.01254565
tomorrow: 0.006272825
training: 0.009409238
vr: 0.006272825
week: 0.009409238
weve: 0.021954888
world: 0.015682062
write: 0.006272825
writing: 0.006272825
yesterday: 0.006272825
youre: 0.006272825
youve: 0.006272825
