acquired: 0.009060748
active: 0.009060748
ash: 0.013591121
bezymianny: 0.009060748
blue: 0.013591121
bottom: 0.013591121
center: 0.013591121
comparison: 0.018121496
crater: 0.009060748
degrees: 0.009060748
dome: 0.009060748
edge: 0.013591121
endeavour: 0.009060748
eruption: 0.013591121
feet: 0.009060748
flank: 0.009060748
green: 0.009060748
growing: 0.009060748
horizontally: 0.013591121
image: 0.04983411
imaging: 0.013591121
kamchatka: 0.013591121
kilometers: 0.013591121
kliuchevskoi: 0.031712618
lava: 0.009060748
left: 0.013591121
miles: 0.009060748
near: 0.009060748
north: 0.022651868
obtained: 0.009060748
october: 0.009060748
optical: 0.009060748
opticalradar: 0.009060748
photo: 0.009060748
plate: 0.013591121
plume: 0.013591121
radar: 0.03624299
reached: 0.009060748
received: 0.013591121
red: 0.013591121
represents: 0.013591121
seen: 0.009060748
september: 0.009060748
shuttle: 0.013591121
sircxsar: 0.009060748
snow: 0.013591121
space: 0.009060748
transmitted: 0.013591121
vertically: 0.009060748
volcanic: 0.009060748
volcano: 0.027182242
volcanoes: 0.013591121
acquired: 0.009060748
active: 0.009060748
ash: 0.013591121
bezymianny: 0.009060748
blue: 0.013591121
bottom: 0.013591121
center: 0.013591121
comparison: 0.018121496
crater: 0.009060748
degrees: 0.009060748
dome: 0.009060748
edge: 0.013591121
endeavour: 0.009060748
eruption: 0.013591121
feet: 0.009060748
flank: 0.009060748
green: 0.009060748
growing: 0.009060748
horizontally: 0.013591121
image: 0.04983411
imaging: 0.013591121
kamchatka: 0.013591121
kilometers: 0.013591121
kliuchevskoi: 0.031712618
lava: 0.009060748
left: 0.013591121
miles: 0.009060748
near: 0.009060748
north: 0.022651868
obtained: 0.009060748
october: 0.009060748
optical: 0.009060748
opticalradar: 0.009060748
photo: 0.009060748
plate: 0.013591121
plume: 0.013591121
radar: 0.03624299
reached: 0.009060748
received: 0.013591121
red: 0.013591121
represents: 0.013591121
seen: 0.009060748
september: 0.009060748
shuttle: 0.013591121
sircxsar: 0.009060748
snow: 0.013591121
space: 0.009060748
transmitted: 0.013591121
vertically: 0.009060748
volcanic: 0.009060748
volcano: 0.027182242
volcanoes: 0.013591121
