aesop: 0.056712043
allows: 0.012602676
applications: 0.018904014
command: 0.012602676
commands: 0.012602676
data: 0.025205351
development: 0.012602676
disk: 0.012602676
ds: 0.037808027
example: 0.012602676
file: 0.012602676
flexibility: 0.012602676
information: 0.018904014
intended: 0.012602676
laparoscopic: 0.012602676
library: 0.012602676
loaded: 0.012602676
modes: 0.012602676
movement: 0.012602676
pc: 0.03150669
platform: 0.012602676
port: 0.025205351
positions: 0.012602676
product: 0.012602676
provided: 0.012602676
receive: 0.012602676
research: 0.018904014
robot: 0.012602676
robotic: 0.012602676
robots: 0.012602676
send: 0.018904014
serial: 0.025205351
software: 0.018904014
standard: 0.012602676
system: 0.0819174
transfer: 0.012602676
user: 0.012602676
aesop: 0.056712043
allows: 0.012602676
applications: 0.018904014
command: 0.012602676
commands: 0.012602676
data: 0.025205351
development: 0.012602676
disk: 0.012602676
ds: 0.037808027
example: 0.012602676
file: 0.012602676
flexibility: 0.012602676
information: 0.018904014
intended: 0.012602676
laparoscopic: 0.012602676
library: 0.012602676
loaded: 0.012602676
modes: 0.012602676
movement: 0.012602676
pc: 0.03150669
platform: 0.012602676
port: 0.025205351
positions: 0.012602676
product: 0.012602676
provided: 0.012602676
receive: 0.012602676
research: 0.018904014
robot: 0.012602676
robotic: 0.012602676
robots: 0.012602676
send: 0.018904014
serial: 0.025205351
software: 0.018904014
standard: 0.012602676
system: 0.0819174
transfer: 0.012602676
user: 0.012602676
