contact: 0.026156498
faq: 0.026156498
follow: 0.039234746
followup: 0.039234746
hennie: 0.039234746
holliday: 0.026156498
link: 0.026156498
looks: 0.026156498
nice: 0.026156498
optional: 0.026156498
post: 0.039234746
regards: 0.026156498
scherpenzeel: 0.039234746
september: 0.026156498
simon: 0.026156498
tilley: 0.026156498
ups: 0.039234746
url: 0.026156498
user: 0.026156498
van: 0.039234746
website: 0.026156498
wish: 0.026156498
workspace: 0.026156498
contact: 0.026156498
faq: 0.026156498
follow: 0.039234746
followup: 0.039234746
hennie: 0.039234746
holliday: 0.026156498
link: 0.026156498
looks: 0.026156498
nice: 0.026156498
optional: 0.026156498
post: 0.039234746
regards: 0.026156498
scherpenzeel: 0.039234746
september: 0.026156498
simon: 0.026156498
tilley: 0.026156498
ups: 0.039234746
url: 0.026156498
user: 0.026156498
van: 0.039234746
website: 0.026156498
wish: 0.026156498
workspace: 0.026156498
