buildings: 0.07296286
college: 0.10944429
completed: 0.14592572
design: 0.07296286
energy: 0.14592572
lighting: 0.07296286
study: 0.07296286
buildings: 0.07296286
college: 0.10944429
completed: 0.14592572
design: 0.07296286
energy: 0.14592572
lighting: 0.07296286
study: 0.07296286
