oct: 0.050718088
october: 0.101436175
report: 0.1183422
shuttle: 0.050718088
sircxsar: 0.084530145
srl: 0.084530145
status: 0.20287235
oct: 0.050718088
october: 0.101436175
report: 0.1183422
shuttle: 0.050718088
sircxsar: 0.084530145
srl: 0.084530145
status: 0.20287235
