colleagues: 0.08317766
department: 0.055451773
ed: 0.055451773
faculty: 0.110903546
honors: 0.055451773
jhs: 0.055451773
mathematics: 0.055451773
program: 0.055451773
ps: 0.110903546
scholars: 0.055451773
colleagues: 0.08317766
department: 0.055451773
ed: 0.055451773
faculty: 0.110903546
honors: 0.055451773
jhs: 0.055451773
mathematics: 0.055451773
program: 0.055451773
ps: 0.110903546
scholars: 0.055451773
