able: 0.013862943
allows: 0.009241963
aquatic: 0.009241963
art: 0.009241963
barbara: 0.009241963
body: 0.04158883
car: 0.009241963
conraddaoud: 0.018483926
created: 0.009241963
describes: 0.009241963
develop: 0.009241963
development: 0.009241963
generated: 0.009241963
healing: 0.027725887
hookups: 0.009241963
human: 0.013862943
information: 0.009241963
issue: 0.009241963
left: 0.009241963
library: 0.009241963
life: 0.018483926
mindell: 0.046209812
motion: 0.018483926
move: 0.013862943
movement: 0.050830793
movements: 0.013862943
neural: 0.023104906
online: 0.009241963
paralysis: 0.018483926
participate: 0.009241963
pathways: 0.013862943
people: 0.009241963
process: 0.046209812
search: 0.009241963
sensation: 0.018483926
september: 0.013862943
shared: 0.013862943
started: 0.013862943
struggling: 0.009241963
systems: 0.009241963
visions: 0.013862943
walk: 0.013862943
wave: 0.013862943
way: 0.009241963
world: 0.009241963
able: 0.013862943
allows: 0.009241963
aquatic: 0.009241963
art: 0.009241963
barbara: 0.009241963
body: 0.04158883
car: 0.009241963
conraddaoud: 0.018483926
created: 0.009241963
describes: 0.009241963
develop: 0.009241963
development: 0.009241963
generated: 0.009241963
healing: 0.027725887
hookups: 0.009241963
human: 0.013862943
information: 0.009241963
issue: 0.009241963
left: 0.009241963
library: 0.009241963
life: 0.018483926
mindell: 0.046209812
motion: 0.018483926
move: 0.013862943
movement: 0.050830793
movements: 0.013862943
neural: 0.023104906
online: 0.009241963
paralysis: 0.018483926
participate: 0.009241963
pathways: 0.013862943
people: 0.009241963
process: 0.046209812
search: 0.009241963
sensation: 0.018483926
september: 0.013862943
shared: 0.013862943
started: 0.013862943
struggling: 0.009241963
systems: 0.009241963
visions: 0.013862943
walk: 0.013862943
wave: 0.013862943
way: 0.009241963
world: 0.009241963
