analysis: 0.015753346
average: 0.007876673
avg: 0.023630017
boat: 0.027568353
boats: 0.023630017
branch: 0.007876673
builder: 0.007876673
building: 0.070890054
bus: 0.019691681
carolina: 0.007876673
classified: 0.015753346
emp: 0.023630017
employees: 0.011815009
establishment: 0.011815009
establishments: 0.011815009
figures: 0.015753346
industry: 0.015753346
market: 0.03150669
millions: 0.015753346
motor: 0.007876673
na: 0.007876673
north: 0.007876673
note: 0.015753346
num: 0.023630017
outboard: 0.007876673
plastics: 0.007876673
repair: 0.007876673
repairing: 0.070890054
rubber: 0.007876673
sales: 0.05119837
share: 0.011815009
size: 0.007876673
specialty: 0.011815009
statistics: 0.007876673
total: 0.03150669
totalsaverages: 0.015753346
unknown: 0.007876673
virginia: 0.007876673
washington: 0.007876673
analysis: 0.015753346
average: 0.007876673
avg: 0.023630017
boat: 0.027568353
boats: 0.023630017
branch: 0.007876673
builder: 0.007876673
building: 0.070890054
bus: 0.019691681
carolina: 0.007876673
classified: 0.015753346
emp: 0.023630017
employees: 0.011815009
establishment: 0.011815009
establishments: 0.011815009
figures: 0.015753346
industry: 0.015753346
market: 0.03150669
millions: 0.015753346
motor: 0.007876673
na: 0.007876673
north: 0.007876673
note: 0.015753346
num: 0.023630017
outboard: 0.007876673
plastics: 0.007876673
repair: 0.007876673
repairing: 0.070890054
rubber: 0.007876673
sales: 0.05119837
share: 0.011815009
size: 0.007876673
specialty: 0.011815009
statistics: 0.007876673
total: 0.03150669
totalsaverages: 0.015753346
unknown: 0.007876673
virginia: 0.007876673
washington: 0.007876673
