aldous: 0.029495625
contacts: 0.014747812
create: 0.014747812
faq: 0.014747812
follow: 0.022121718
followup: 0.022121718
huseyin: 0.014747812
huxley: 0.029495625
link: 0.014747812
optional: 0.014747812
ovayolu: 0.014747812
phil: 0.029495625
platform: 0.103234686
posed: 0.014747812
post: 0.022121718
question: 0.014747812
re: 0.07373906
simulate: 0.014747812
stewart: 0.103234686
ups: 0.022121718
url: 0.014747812
user: 0.014747812
watson: 0.029495625
workspace: 0.029495625
aldous: 0.029495625
contacts: 0.014747812
create: 0.014747812
faq: 0.014747812
follow: 0.022121718
followup: 0.022121718
huseyin: 0.014747812
huxley: 0.029495625
link: 0.014747812
optional: 0.014747812
ovayolu: 0.014747812
phil: 0.029495625
platform: 0.103234686
posed: 0.014747812
post: 0.022121718
question: 0.014747812
re: 0.07373906
simulate: 0.014747812
stewart: 0.103234686
ups: 0.022121718
url: 0.014747812
user: 0.014747812
watson: 0.029495625
workspace: 0.029495625
