autonomous: 0.011950813
backscatter: 0.031868834
common: 0.0079672085
data: 0.023901626
designed: 0.011950813
distortions: 0.0079672085
elevation: 0.023901626
employ: 0.0079672085
environment: 0.011950813
generate: 0.023901626
guess: 0.0079672085
image: 0.011950813
images: 0.011950813
initial: 0.0079672085
intensity: 0.0079672085
line: 0.011950813
locally: 0.0079672085
map: 0.015934417
mapping: 0.0079672085
maps: 0.019918023
material: 0.0079672085
merging: 0.0079672085
method: 0.0079672085
model: 0.019918023
normal: 0.0079672085
parameters: 0.015934417
position: 0.0079672085
range: 0.0079672085
reconstruction: 0.011950813
scattering: 0.023901626
seafloor: 0.031868834
sensor: 0.031868834
shape: 0.0079672085
sidescan: 0.0079672085
sonar: 0.04381965
straight: 0.011950813
surface: 0.03585244
system: 0.011950813
systems: 0.011950813
task: 0.0079672085
technique: 0.011950813
techniques: 0.023901626
towed: 0.0079672085
type: 0.0079672085
underwater: 0.027885232
vehicles: 0.0079672085
vision: 0.0079672085
autonomous: 0.011950813
backscatter: 0.031868834
common: 0.0079672085
data: 0.023901626
designed: 0.011950813
distortions: 0.0079672085
elevation: 0.023901626
employ: 0.0079672085
environment: 0.011950813
generate: 0.023901626
guess: 0.0079672085
image: 0.011950813
images: 0.011950813
initial: 0.0079672085
intensity: 0.0079672085
line: 0.011950813
locally: 0.0079672085
map: 0.015934417
mapping: 0.0079672085
maps: 0.019918023
material: 0.0079672085
merging: 0.0079672085
method: 0.0079672085
model: 0.019918023
normal: 0.0079672085
parameters: 0.015934417
position: 0.0079672085
range: 0.0079672085
reconstruction: 0.011950813
scattering: 0.023901626
seafloor: 0.031868834
sensor: 0.031868834
shape: 0.0079672085
sidescan: 0.0079672085
sonar: 0.04381965
straight: 0.011950813
surface: 0.03585244
system: 0.011950813
systems: 0.011950813
task: 0.0079672085
technique: 0.011950813
techniques: 0.023901626
towed: 0.0079672085
type: 0.0079672085
underwater: 0.027885232
vehicles: 0.0079672085
vision: 0.0079672085
