arbor: 0.017185466
browser: 0.0114569785
burning: 0.028642446
cancer: 0.0114569785
click: 0.0114569785
day: 0.017185466
destruction: 0.0114569785
drugs: 0.0114569785
earths: 0.017185466
effect: 0.0114569785
fight: 0.0114569785
forest: 0.08592734
forests: 0.028642446
foundation: 0.0114569785
foundations: 0.0114569785
half: 0.0114569785
help: 0.0114569785
insect: 0.0114569785
loss: 0.0114569785
national: 0.017185466
percent: 0.017185466
planets: 0.0114569785
plants: 0.028642446
precious: 0.0114569785
produce: 0.0114569785
rain: 0.09738431
rescue: 0.028642446
scientists: 0.0114569785
secure: 0.017185466
species: 0.0114569785
support: 0.017185466
transactions: 0.0114569785
trees: 0.0114569785
vegetation: 0.0114569785
wild: 0.0114569785
world: 0.0114569785
worldwide: 0.0114569785
arbor: 0.017185466
browser: 0.0114569785
burning: 0.028642446
cancer: 0.0114569785
click: 0.0114569785
day: 0.017185466
destruction: 0.0114569785
drugs: 0.0114569785
earths: 0.017185466
effect: 0.0114569785
fight: 0.0114569785
forest: 0.08592734
forests: 0.028642446
foundation: 0.0114569785
foundations: 0.0114569785
half: 0.0114569785
help: 0.0114569785
insect: 0.0114569785
loss: 0.0114569785
national: 0.017185466
percent: 0.017185466
planets: 0.0114569785
plants: 0.028642446
precious: 0.0114569785
produce: 0.0114569785
rain: 0.09738431
rescue: 0.028642446
scientists: 0.0114569785
secure: 0.017185466
species: 0.0114569785
support: 0.017185466
transactions: 0.0114569785
trees: 0.0114569785
vegetation: 0.0114569785
wild: 0.0114569785
world: 0.0114569785
worldwide: 0.0114569785
