airsar: 0.020863961
argument: 0.006954654
azimuth: 0.004636436
byte: 0.055637233
bytes: 0.009272872
bytespixel: 0.009272872
calculated: 0.004636436
cm: 0.009272872
complex: 0.006954654
compressed: 0.016227527
consists: 0.004636436
crossproducts: 0.009272872
data: 0.04404614
description: 0.004636436
elements: 0.004636436
factor: 0.006954654
file: 0.006954654
floating: 0.004636436
formats: 0.004636436
genfac: 0.006954654
header: 0.004636436
imshhshv: 0.009272872
imshhsvh: 0.004636436
imshhsvv: 0.004636436
imshvsvv: 0.009272872
imsvhsvv: 0.004636436
indicate: 0.004636436
int: 0.004636436
integer: 0.004636436
lines: 0.006954654
lookquadpol: 0.004636436
lowres: 0.006954654
matrix: 0.03477327
meters: 0.006954654
mlc: 0.004636436
mqsca: 0.009272872
multilooked: 0.004636436
nint: 0.020863961
pixel: 0.009272872
power: 0.006954654
prf: 0.004636436
processor: 0.01159109
quadpol: 0.004636436
radar: 0.004636436
range: 0.004636436
reshhshv: 0.009272872
reshhsvh: 0.004636436
reshhsvv: 0.009272872
reshvsvv: 0.009272872
resvhsvv: 0.004636436
scale: 0.006954654
scattering: 0.006954654
shhshh: 0.018545743
shv: 0.004636436
shvshv: 0.02318218
sign: 0.004636436
signbyte: 0.009272872
signmqsca: 0.009272872
single: 0.006954654
sirc: 0.01159109
spacing: 0.004636436
sqrtmqsca: 0.009272872
stokes: 0.027818616
stored: 0.01159109
svhsvh: 0.009272872
svvsvv: 0.018545743
symmetrized: 0.009272872
terms: 0.004636436
total: 0.006954654
value: 0.013909308
airsar: 0.020863961
argument: 0.006954654
azimuth: 0.004636436
byte: 0.055637233
bytes: 0.009272872
bytespixel: 0.009272872
calculated: 0.004636436
cm: 0.009272872
complex: 0.006954654
compressed: 0.016227527
consists: 0.004636436
crossproducts: 0.009272872
data: 0.04404614
description: 0.004636436
elements: 0.004636436
factor: 0.006954654
file: 0.006954654
floating: 0.004636436
formats: 0.004636436
genfac: 0.006954654
header: 0.004636436
imshhshv: 0.009272872
imshhsvh: 0.004636436
imshhsvv: 0.004636436
imshvsvv: 0.009272872
imsvhsvv: 0.004636436
indicate: 0.004636436
int: 0.004636436
integer: 0.004636436
lines: 0.006954654
lookquadpol: 0.004636436
lowres: 0.006954654
matrix: 0.03477327
meters: 0.006954654
mlc: 0.004636436
mqsca: 0.009272872
multilooked: 0.004636436
nint: 0.020863961
pixel: 0.009272872
power: 0.006954654
prf: 0.004636436
processor: 0.01159109
quadpol: 0.004636436
radar: 0.004636436
range: 0.004636436
reshhshv: 0.009272872
reshhsvh: 0.004636436
reshhsvv: 0.009272872
reshvsvv: 0.009272872
resvhsvv: 0.004636436
scale: 0.006954654
scattering: 0.006954654
shhshh: 0.018545743
shv: 0.004636436
shvshv: 0.02318218
sign: 0.004636436
signbyte: 0.009272872
signmqsca: 0.009272872
single: 0.006954654
sirc: 0.01159109
spacing: 0.004636436
sqrtmqsca: 0.009272872
stokes: 0.027818616
stored: 0.01159109
svhsvh: 0.009272872
svvsvv: 0.018545743
symmetrized: 0.009272872
terms: 0.004636436
total: 0.006954654
value: 0.013909308
