colleagues: 0.099021025
department: 0.066014014
english: 0.066014014
faculty: 0.13202803
honors: 0.066014014
program: 0.066014014
ps: 0.13202803
scholars: 0.066014014
colleagues: 0.099021025
department: 0.066014014
english: 0.066014014
faculty: 0.13202803
honors: 0.066014014
program: 0.066014014
ps: 0.13202803
scholars: 0.066014014
