account: 0.07534208
accounts: 0.030136835
age: 0.030136835
american: 0.030136835
banking: 0.030136835
cheques: 0.04520525
customers: 0.030136835
express: 0.030136835
free: 0.10547892
host: 0.030136835
joint: 0.030136835
metrochequing: 0.04520525
package: 0.030136835
prestige: 0.030136835
services: 0.030136835
status: 0.06027367
travelers: 0.030136835
account: 0.07534208
accounts: 0.030136835
age: 0.030136835
american: 0.030136835
banking: 0.030136835
cheques: 0.04520525
customers: 0.030136835
express: 0.030136835
free: 0.10547892
host: 0.030136835
joint: 0.030136835
metrochequing: 0.04520525
package: 0.030136835
prestige: 0.030136835
services: 0.030136835
status: 0.06027367
travelers: 0.030136835
