creek: 0.10830425
facility: 0.0433217
marsh: 0.10830425
plant: 0.0866434
process: 0.0433217
product: 0.0433217
treatment: 0.06498255
waste: 0.06498255
water: 0.0866434
york: 0.0433217
creek: 0.10830425
facility: 0.0433217
marsh: 0.10830425
plant: 0.0866434
process: 0.0433217
product: 0.0433217
treatment: 0.06498255
waste: 0.06498255
water: 0.0866434
york: 0.0433217
