aesop: 0.08801869
benefits: 0.033007007
control: 0.022004673
description: 0.033007007
frees: 0.022004673
holding: 0.022004673
image: 0.033007007
information: 0.033007007
maintain: 0.022004673
position: 0.033007007
positioning: 0.033007007
procedures: 0.022004673
product: 0.044009347
reduces: 0.044009347
robotic: 0.022004673
scope: 0.07701635
scopeholding: 0.022004673
staff: 0.044009347
todays: 0.022004673
video: 0.022004673
aesop: 0.08801869
benefits: 0.033007007
control: 0.022004673
description: 0.033007007
frees: 0.022004673
holding: 0.022004673
image: 0.033007007
information: 0.033007007
maintain: 0.022004673
position: 0.033007007
positioning: 0.033007007
procedures: 0.022004673
product: 0.044009347
reduces: 0.044009347
robotic: 0.022004673
scope: 0.07701635
scopeholding: 0.022004673
staff: 0.044009347
todays: 0.022004673
video: 0.022004673
