achieved: 0.007617002
allowed: 0.007617002
arc: 0.011425503
arcmate: 0.011425503
cimtas: 0.030468008
collisions: 0.007617002
column: 0.007617002
configurations: 0.007617002
cycle: 0.007617002
difficult: 0.011425503
envelope: 0.011425503
experiment: 0.007617002
fig: 0.011425503
floor: 0.011425503
generated: 0.011425503
height: 0.007617002
ibeams: 0.011425503
immediately: 0.007617002
joint: 0.011425503
limit: 0.007617002
line: 0.007617002
linear: 0.011425503
manually: 0.007617002
manufacturing: 0.007617002
mechanism: 0.011425503
move: 0.011425503
offline: 0.011425503
operator: 0.011425503
optimising: 0.007617002
pendant: 0.007617002
placed: 0.007617002
position: 0.011425503
program: 0.019042505
programming: 0.015234004
reach: 0.007617002
reduce: 0.007617002
reis: 0.011425503
robot: 0.06474452
robots: 0.011425503
rotating: 0.011425503
set: 0.007617002
simply: 0.007617002
simulation: 0.007617002
simulations: 0.011425503
srvl: 0.011425503
steel: 0.007617002
structures: 0.007617002
system: 0.007617002
table: 0.007617002
task: 0.007617002
teach: 0.019042505
time: 0.007617002
track: 0.015234004
user: 0.007617002
vertical: 0.007617002
welding: 0.019042505
welds: 0.007617002
workcell: 0.019042505
workpiece: 0.007617002
workspace: 0.026659507
achieved: 0.007617002
allowed: 0.007617002
arc: 0.011425503
arcmate: 0.011425503
cimtas: 0.030468008
collisions: 0.007617002
column: 0.007617002
configurations: 0.007617002
cycle: 0.007617002
difficult: 0.011425503
envelope: 0.011425503
experiment: 0.007617002
fig: 0.011425503
floor: 0.011425503
generated: 0.011425503
height: 0.007617002
ibeams: 0.011425503
immediately: 0.007617002
joint: 0.011425503
limit: 0.007617002
line: 0.007617002
linear: 0.011425503
manually: 0.007617002
manufacturing: 0.007617002
mechanism: 0.011425503
move: 0.011425503
offline: 0.011425503
operator: 0.011425503
optimising: 0.007617002
pendant: 0.007617002
placed: 0.007617002
position: 0.011425503
program: 0.019042505
programming: 0.015234004
reach: 0.007617002
reduce: 0.007617002
reis: 0.011425503
robot: 0.06474452
robots: 0.011425503
rotating: 0.011425503
set: 0.007617002
simply: 0.007617002
simulation: 0.007617002
simulations: 0.011425503
srvl: 0.011425503
steel: 0.007617002
structures: 0.007617002
system: 0.007617002
table: 0.007617002
task: 0.007617002
teach: 0.019042505
time: 0.007617002
track: 0.015234004
user: 0.007617002
vertical: 0.007617002
welding: 0.019042505
welds: 0.007617002
workcell: 0.019042505
workpiece: 0.007617002
workspace: 0.026659507
