asa: 0.019254088
auto: 0.014440566
automotive: 0.0433217
autoshoponline: 0.02406761
available: 0.014440566
car: 0.038508177
care: 0.028881133
cars: 0.014440566
consumers: 0.014440566
council: 0.014440566
department: 0.014440566
free: 0.014440566
home: 0.009627044
hotline: 0.009627044
information: 0.033694655
kit: 0.014440566
link: 0.009627044
mechanical: 0.009627044
month: 0.014440566
motorists: 0.009627044
national: 0.019254088
nhtsa: 0.009627044
notices: 0.009627044
october: 0.009627044
official: 0.009627044
online: 0.009627044
press: 0.014440566
publication: 0.009627044
safety: 0.019254088
selected: 0.009627044
service: 0.033694655
services: 0.009627044
shop: 0.009627044
site: 0.02406761
sites: 0.009627044
strikes: 0.009627044
systems: 0.009627044
time: 0.019254088
tips: 0.02406761
transportation: 0.009627044
vehicles: 0.009627044
visitors: 0.009627044
week: 0.009627044
whats: 0.009627044
whatsnewautoshoponline: 0.009627044
asa: 0.019254088
auto: 0.014440566
automotive: 0.0433217
autoshoponline: 0.02406761
available: 0.014440566
car: 0.038508177
care: 0.028881133
cars: 0.014440566
consumers: 0.014440566
council: 0.014440566
department: 0.014440566
free: 0.014440566
home: 0.009627044
hotline: 0.009627044
information: 0.033694655
kit: 0.014440566
link: 0.009627044
mechanical: 0.009627044
month: 0.014440566
motorists: 0.009627044
national: 0.019254088
nhtsa: 0.009627044
notices: 0.009627044
october: 0.009627044
official: 0.009627044
online: 0.009627044
press: 0.014440566
publication: 0.009627044
safety: 0.019254088
selected: 0.009627044
service: 0.033694655
services: 0.009627044
shop: 0.009627044
site: 0.02406761
sites: 0.009627044
strikes: 0.009627044
systems: 0.009627044
time: 0.019254088
tips: 0.02406761
transportation: 0.009627044
vehicles: 0.009627044
visitors: 0.009627044
week: 0.009627044
whats: 0.009627044
whatsnewautoshoponline: 0.009627044
