arbor: 0.009973341
benefits: 0.009973341
brightly: 0.034906693
colored: 0.034906693
day: 0.0149600115
earth: 0.009973341
electronic: 0.029920023
environmental: 0.009973341
explains: 0.009973341
folded: 0.029920023
form: 0.054853372
global: 0.0149600115
heavy: 0.029920023
illustrates: 0.009973341
including: 0.009973341
item: 0.029920023
living: 0.009973341
magic: 0.009973341
packages: 0.009973341
paper: 0.029920023
planting: 0.009973341
poster: 0.059840046
posters: 0.009973341
printout: 0.029920023
roots: 0.009973341
secure: 0.029920023
shipped: 0.029920023
stewardship: 0.0149600115
tree: 0.0149600115
trees: 0.06482671
world: 0.0149600115
arbor: 0.009973341
benefits: 0.009973341
brightly: 0.034906693
colored: 0.034906693
day: 0.0149600115
earth: 0.009973341
electronic: 0.029920023
environmental: 0.009973341
explains: 0.009973341
folded: 0.029920023
form: 0.054853372
global: 0.0149600115
heavy: 0.029920023
illustrates: 0.009973341
including: 0.009973341
item: 0.029920023
living: 0.009973341
magic: 0.009973341
packages: 0.009973341
paper: 0.029920023
planting: 0.009973341
poster: 0.059840046
posters: 0.009973341
printout: 0.029920023
roots: 0.009973341
secure: 0.029920023
shipped: 0.029920023
stewardship: 0.0149600115
tree: 0.0149600115
trees: 0.06482671
world: 0.0149600115
