available: 0.02166085
cd: 0.036101416
cdrom: 0.014440566
data: 0.014440566
directory: 0.028881133
edition: 0.014440566
files: 0.02166085
guided: 0.014440566
image: 0.02166085
included: 0.014440566
installation: 0.02166085
instructions: 0.02166085
jet: 0.014440566
jpl: 0.014440566
laboratory: 0.014440566
main: 0.014440566
movie: 0.014440566
multispec: 0.014440566
nih: 0.014440566
organized: 0.014440566
package: 0.02166085
pc: 0.036101416
program: 0.036101416
propulsion: 0.014440566
quicktime: 0.02166085
run: 0.014440566
sigma: 0.036101416
sirc: 0.014440566
software: 0.0866434
special: 0.014440566
tour: 0.014440566
version: 0.02166085
available: 0.02166085
cd: 0.036101416
cdrom: 0.014440566
data: 0.014440566
directory: 0.028881133
edition: 0.014440566
files: 0.02166085
guided: 0.014440566
image: 0.02166085
included: 0.014440566
installation: 0.02166085
instructions: 0.02166085
jet: 0.014440566
jpl: 0.014440566
laboratory: 0.014440566
main: 0.014440566
movie: 0.014440566
multispec: 0.014440566
nih: 0.014440566
organized: 0.014440566
package: 0.02166085
pc: 0.036101416
program: 0.036101416
propulsion: 0.014440566
quicktime: 0.02166085
run: 0.014440566
sigma: 0.036101416
sirc: 0.014440566
software: 0.0866434
special: 0.014440566
tour: 0.014440566
version: 0.02166085
