director: 0.1540327
ms: 0.23104906
office: 0.1540327
staff: 0.1540327
director: 0.1540327
ms: 0.23104906
office: 0.1540327
staff: 0.1540327
