alternative: 0.035729237
british: 0.010718771
care: 0.007145847
centre: 0.010718771
cheng: 0.010718771
chi: 0.017864618
childrens: 0.007145847
columbia: 0.010718771
committee: 0.010718771
community: 0.007145847
complementary: 0.007145847
director: 0.007145847
doctors: 0.014291694
dont: 0.014291694
education: 0.014291694
health: 0.025010465
help: 0.014291694
hospital: 0.014291694
idea: 0.007145847
information: 0.010718771
institute: 0.03930216
involved: 0.010718771
library: 0.007145847
looking: 0.010718771
mahony: 0.03215631
majority: 0.007145847
medical: 0.017864618
medicine: 0.010718771
medicines: 0.017864618
methods: 0.010718771
mike: 0.007145847
october: 0.010718771
online: 0.007145847
patients: 0.007145847
pediatric: 0.007145847
people: 0.010718771
population: 0.010718771
practitioners: 0.010718771
public: 0.007145847
research: 0.017864618
school: 0.007145847
serving: 0.007145847
shared: 0.010718771
stevens: 0.010718771
successful: 0.007145847
support: 0.010718771
takes: 0.007145847
testing: 0.007145847
theres: 0.007145847
treatment: 0.007145847
trying: 0.014291694
tze: 0.007145847
tzu: 0.017864618
unique: 0.007145847
vancouver: 0.010718771
vision: 0.007145847
visions: 0.010718771
way: 0.010718771
western: 0.007145847
alternative: 0.035729237
british: 0.010718771
care: 0.007145847
centre: 0.010718771
cheng: 0.010718771
chi: 0.017864618
childrens: 0.007145847
columbia: 0.010718771
committee: 0.010718771
community: 0.007145847
complementary: 0.007145847
director: 0.007145847
doctors: 0.014291694
dont: 0.014291694
education: 0.014291694
health: 0.025010465
help: 0.014291694
hospital: 0.014291694
idea: 0.007145847
information: 0.010718771
institute: 0.03930216
involved: 0.010718771
library: 0.007145847
looking: 0.010718771
mahony: 0.03215631
majority: 0.007145847
medical: 0.017864618
medicine: 0.010718771
medicines: 0.017864618
methods: 0.010718771
mike: 0.007145847
october: 0.010718771
online: 0.007145847
patients: 0.007145847
pediatric: 0.007145847
people: 0.010718771
population: 0.010718771
practitioners: 0.010718771
public: 0.007145847
research: 0.017864618
school: 0.007145847
serving: 0.007145847
shared: 0.010718771
stevens: 0.010718771
successful: 0.007145847
support: 0.010718771
takes: 0.007145847
testing: 0.007145847
theres: 0.007145847
treatment: 0.007145847
trying: 0.014291694
tze: 0.007145847
tzu: 0.017864618
unique: 0.007145847
vancouver: 0.010718771
vision: 0.007145847
visions: 0.010718771
way: 0.010718771
western: 0.007145847
