antarctic: 0.06301338
cambridge: 0.03150669
committee: 0.06301338
executive: 0.03150669
meetings: 0.03150669
membership: 0.03150669
research: 0.078766726
scar: 0.22054683
scientific: 0.078766726
subsidiary: 0.03150669
united: 0.03150669
antarctic: 0.06301338
cambridge: 0.03150669
committee: 0.06301338
executive: 0.03150669
meetings: 0.03150669
membership: 0.03150669
research: 0.078766726
scar: 0.22054683
scientific: 0.078766726
subsidiary: 0.03150669
united: 0.03150669
