eurobot: 0.081546724
exhibition: 0.081546724
frankfurt: 0.081546724
germany: 0.081546724
robot: 0.081546724
simulations: 0.081546724
stand: 0.081546724
workspace: 0.12232009
eurobot: 0.081546724
exhibition: 0.081546724
frankfurt: 0.081546724
germany: 0.081546724
robot: 0.081546724
simulations: 0.081546724
stand: 0.081546724
workspace: 0.12232009
