automotive: 0.20537694
department: 0.051344234
overview: 0.1540327
page: 0.051344234
service: 0.051344234
system: 0.07701635
systems: 0.10268847
automotive: 0.20537694
department: 0.051344234
overview: 0.1540327
page: 0.051344234
service: 0.051344234
system: 0.07701635
systems: 0.10268847
