data: 0.039234746
day: 0.026156498
develop: 0.026156498
hrs: 0.052312996
include: 0.026156498
interferometry: 0.026156498
kennedy: 0.026156498
kiluaea: 0.026156498
landing: 0.026156498
met: 0.026156498
mission: 0.026156498
position: 0.039234746
recorded: 0.052312996
recorder: 0.026156498
report: 0.039234746
sirc: 0.039234746
spare: 0.026156498
status: 0.026156498
stowing: 0.026156498
tapes: 0.039234746
time: 0.026156498
xsar: 0.026156498
data: 0.039234746
day: 0.026156498
develop: 0.026156498
hrs: 0.052312996
include: 0.026156498
interferometry: 0.026156498
kennedy: 0.026156498
kiluaea: 0.026156498
landing: 0.026156498
met: 0.026156498
mission: 0.026156498
position: 0.039234746
recorded: 0.052312996
recorder: 0.026156498
report: 0.039234746
sirc: 0.039234746
spare: 0.026156498
status: 0.026156498
stowing: 0.026156498
tapes: 0.039234746
time: 0.026156498
xsar: 0.026156498
