begins: 0.014906391
bring: 0.022359587
care: 0.014906391
conway: 0.014906391
disconnected: 0.014906391
dont: 0.022359587
gossett: 0.014906391
home: 0.014906391
individual: 0.014906391
know: 0.014906391
library: 0.014906391
life: 0.014906391
loss: 0.014906391
lost: 0.029812781
october: 0.022359587
online: 0.014906391
people: 0.014906391
person: 0.044719175
piece: 0.014906391
power: 0.014906391
resources: 0.022359587
retrieval: 0.044719175
retrieve: 0.014906391
sense: 0.022359587
shaman: 0.029812781
shamanic: 0.022359587
shared: 0.022359587
situations: 0.014906391
soul: 0.03726598
spirit: 0.014906391
stuck: 0.014906391
traumatic: 0.014906391
visions: 0.022359587
washington: 0.014906391
world: 0.014906391
begins: 0.014906391
bring: 0.022359587
care: 0.014906391
conway: 0.014906391
disconnected: 0.014906391
dont: 0.022359587
gossett: 0.014906391
home: 0.014906391
individual: 0.014906391
know: 0.014906391
library: 0.014906391
life: 0.014906391
loss: 0.014906391
lost: 0.029812781
october: 0.022359587
online: 0.014906391
people: 0.014906391
person: 0.044719175
piece: 0.014906391
power: 0.014906391
resources: 0.022359587
retrieval: 0.044719175
retrieve: 0.014906391
sense: 0.022359587
shaman: 0.029812781
shamanic: 0.022359587
shared: 0.022359587
situations: 0.014906391
soul: 0.03726598
spirit: 0.014906391
stuck: 0.014906391
traumatic: 0.014906391
visions: 0.022359587
washington: 0.014906391
world: 0.014906391
