air: 0.03767104
airconditioned: 0.022602625
airducts: 0.022602625
bacteria: 0.015068417
building: 0.022602625
buildings: 0.05273946
cleaning: 0.022602625
conducted: 0.015068417
danduct: 0.015068417
designed: 0.015068417
dirty: 0.015068417
duct: 0.015068417
dust: 0.015068417
environment: 0.022602625
eyes: 0.015068417
formaldehyde: 0.015068417
health: 0.015068417
iaq: 0.022602625
indoor: 0.015068417
levels: 0.015068417
major: 0.022602625
mental: 0.015068417
offices: 0.015068417
poor: 0.022602625
quality: 0.030136835
sbs: 0.022602625
sealed: 0.015068417
sick: 0.04520525
singapore: 0.015068417
syndrome: 0.022602625
system: 0.015068417
systems: 0.015068417
ventilation: 0.015068417
workers: 0.015068417
air: 0.03767104
airconditioned: 0.022602625
airducts: 0.022602625
bacteria: 0.015068417
building: 0.022602625
buildings: 0.05273946
cleaning: 0.022602625
conducted: 0.015068417
danduct: 0.015068417
designed: 0.015068417
dirty: 0.015068417
duct: 0.015068417
dust: 0.015068417
environment: 0.022602625
eyes: 0.015068417
formaldehyde: 0.015068417
health: 0.015068417
iaq: 0.022602625
indoor: 0.015068417
levels: 0.015068417
major: 0.022602625
mental: 0.015068417
offices: 0.015068417
poor: 0.022602625
quality: 0.030136835
sbs: 0.022602625
sealed: 0.015068417
sick: 0.04520525
singapore: 0.015068417
syndrome: 0.022602625
system: 0.015068417
systems: 0.015068417
ventilation: 0.015068417
workers: 0.015068417
