adaptations: 0.13862944
change: 0.06931472
climate: 0.06931472
ecological: 0.06931472
environmental: 0.06931472
history: 0.06931472
management: 0.06931472
processes: 0.06931472
themes: 0.06931472
adaptations: 0.13862944
change: 0.06931472
climate: 0.06931472
ecological: 0.06931472
environmental: 0.06931472
history: 0.06931472
management: 0.06931472
processes: 0.06931472
themes: 0.06931472
